46 2 -0.35109
47 2 -0.754118
48 2 0.602706
49 2 1.304206
50 2 2.439257
51 2 0.9409
52 2 0.384616
53 2 0.353618
54 2 1.747271
55 2 -0.707769
56 2 -0.866588
57 2 0.241472
58 2 -0.716438
59 2 0.078544
60 2 1.138469
61 2 0.274222
62 2 -0.676563
63 2 0.035725
64 2 -0.173562
65 2 0.880335
66 2 -0.565912
67 2 1.886862
68 2 0.165692
69 2 0.563794
70 2 1.939504
71 2 -0.251651
72 2 -0.12646
73 2 -0.424732
74 2 -0.583103
75 2 -0.495642
76 2 -0.95969
77 2 0.717208
78 2 0.403212
79 2 -0.024792
80 2 0.338288
81 2 -1.158199
82 2 -1.43606
83 2 0.39805
84 2 -0.01875
85 2 -0.159914
86 2 -0.449596
87 2 0.455747
88 2 -2.966035
89 2 2.255751
90 2 -0.714121
91 2 0.016256
92 2 0.038455
93 2 0.536237
94 2 0.273941
95 2 0.37005
96 2 -1.618091
97 2 -0.80426
98 2 -1.180102
99 2 -0.229775
100 2 -0.406886
101 2 -0.142468
102 2 -0.651913
103 2 0.120791
104 2 1.383195
105 2 -3.575146
106 2 -0.586505
107 2 0.883178
108 2 -0.856031
109 2 -1.513952
110 2 -0.923254
111 2 0.085062
112 2 -1.992941
113 2 -1.470181
114 2 -2.467786
115 2 0.380361
116 2 -0.289956
117 2 -0.29913
118 2 0.162988
119 2 1.294811
120 2 1.298537
121 2 -0.515231
122 2 -0.289979
123 2 -0.232701
124 2 0.044874
125 2 0.119089
126 2 -0.491559
127 2 1.271947
128 2 -0.296325
129 2 1.24973
130 2 -0.791687
131 2 0.770182
132 2 -0.540303
133 2 1.263731
134 2 -1.324634
135 2 0.119888
136 2 -0.207547
137 2 -1.647998
138 2 -2.220007
139 2 1.47957
140 2 -1.153107
141 2 -0.287923
142 2 -1.406838
143 2 -0.985356
144 2 -1.6564
145 2 0.86489
146 2 0.532217
147 2 0.718277
148 2 0.009174
149 2 0.77492
150 2 -1.178985
151 2 -0.211661
152 2 -0.717119
153 2 0.832732
154 2 0.95761
155 2 -1.085683
156 2 0.908512
157 2 -0.598368
158 2 -0.060981
159 2 2.616085
160 2 -0.134678
161 2 2.143721
162 2 -1.937726
163 2 -0.273638
164 2 0.750123
165 2 1.633182
166 2 -0.945529
167 2 -0.5928
168 2 1.076204
169 2 0.55137100000000006
170 2 0.100025
171 2 -0.757209
172 2 0.552063
173 2 -0.111503
174 2 1.00677
175 2 -1.527712
176 2 -1.581634
177 2 -0.60852
178 2 1.2575210000000001
179 2 1.008838
180 2 -1.187646
181 2 0.70456
182 2 0.329372
183 2 -0.869213
184 2 -1.531846
185 2 -0.047563
186 2 -0.351341
187 2 -0.678326
188 2 0.468751
189 2 0.231491
190 2 1.31219
191 2 0.461564
192 2 -0.400029
193 2 0.417832
194 2 -0.623159
195 2 -0.053227
196 2 -0.443272
197 2 1.320776
198 2 0.664018
199 2 1.4215
200 2 0.294887
201 2 0.332118
202 2 0.82937
203 2 -0.269756
204 2 1.247842
205 2 0.272825
206 2 0.621539
207 2 0.528613
208 2 0.608461
209 2 -0.747706
210 2 0.599272
211 2 0.110453
212 2 -0.176735
213 2 0.101675
214 2 -0.106483
215 2 -0.906591
216 2 -0.024071
217 2 1.490918
218 2 1.001534
219 2 -0.158313
220 2 0.37786
221 2 -1.167791
222 2 0.171036
223 2 -2.092353
224 2 -0.041769
225 2 -0.620058
226 2 0.032182
227 2 -0.637641
228 2 -1.092215
229 2 -0.697121
230 2 2.795443
231 2 -0.840716
232 2 1.260067
233 2 1.728337
234 2 -0.590963
235 2 -0.380586
236 2 1.169702
237 2 0.89312
238 2 1.446793
239 2 -0.80224
240 2 -0.480811
241 2 -0.69969
242 2 -0.104523
243 2 2.37818
244 2 0.971609
245 2 0.804205
246 2 0.810141
247 2 -1.130473
248 2 0.810226
249 2 -0.960874
250 2 -1.558371
251 2 1.149822
252 2 1.356282
253 2 -1.70362
254 2 0.561208
255 2 -0.754781
256 2 -0.24247
257 2 -1.004059
258 2 0.745919
259 2 1.878129
260 2 0.703337
261 2 -0.089705
262 2 0.720249
263 2 -0.17564
264 2 0.816389
265 2 -0.638436
266 2 -0.155287
267 2 -1.179389
268 2 0.342695
269 2 -1.844449
270 2 -0.232689
271 2 -0.281128
272 2 -1.317935
273 2 2.011358
274 2 -1.031842
275 2 0.701599
276 2 0.210435
277 2 1.720541
278 2 0.013575
279 2 -1.77837
280 2 -1.630909
281 2 0.921745
282 2 -1.078772
283 2 0.442035
284 2 -1.858167
285 2 1.317316
286 2 -0.977013
287 2 -1.458095
288 2 0.401345
289 2 0.290969
290 2 -1.258261
291 2 0.820427
292 2 1.74584
293 2 0.662832
294 2 -3.050062
295 2 -1.250518
296 2 -0.184348
297 2 1.199878
298 2 0.543666
299 2 -0.706173
300 2 0.676787
301 2 -0.064824
302 2 -1.27263
303 2 -1.936622
304 2 1.035612
305 2 -0.620519
306 2 1.087071
307 2 -0.8215
308 2 0.736123
309 2 0.573402
310 2 0.279963
311 2 -0.095118
312 2 1.928921
313 2 0.781759
314 2 -0.147935
315 2 -0.311888
316 2 -0.72422
317 2 0.734535
318 2 0.344629
319 2 2.664894
320 2 -0.200616
321 2 -0.257875
322 2 1.146587
323 2 0.239063
324 2 1.930901
325 2 -0.596553
326 2 0.800385
327 2 0.357636
328 2 -0.526631
329 2 -0.044498
330 2 0.180932
331 2 -0.750085
332 2 -0.916278
333 2 1.98661
334 2 0.376216
335 2 1.004106
336 2 -2.542819
337 2 0.138314
338 2 -0.879547
339 2 -0.191271
340 2 0.155406
341 2 -0.192762
342 2 0.528348
343 2 0.076519
344 2 -0.187477
345 2 -1.495753
346 2 -1.283181
347 2 -0.140644
348 2 -0.680452
349 2 0.418756
350 2 0.008223
351 2 2.11737
352 2 -0.532572
353 2 -0.389528
354 2 0.784495
355 2 -0.124224
356 2 -0.310418
357 2 -0.821434
358 2 -0.379991
359 2 -0.80787
360 2 0.255972
361 2 -0.14506
362 2 0.218625
363 2 1.240034
364 2 0.576136
365 2 0.512746
366 2 0.330767
367 2 -1.314453
368 2 -2.077057
369 2 -0.622372
370 2 0.694225
371 2 0.679245
372 2 -0.701518
373 2 1.896312
374 2 1.688012
375 2 -2.878416
376 2 -1.086285
377 2 0.303051
378 2 0.612596
379 2 -0.419018
380 2 0.221948
381 2 0.855044
382 2 -0.287712
383 2 0.122762
384 2 1.258376
385 2 -1.189352
386 2 -1.25842
387 2 -0.258598
388 2 -0.343688
389 2 -0.191162
390 2 1.228484
391 2 -1.26205
392 2 0.027097
393 2 1.54359
394 2 -0.459624
395 2 -0.562114
396 2 -0.563311
397 2 2.206787
398 2 0.685998
399 2 -1.954592
400 2 -0.164236
401 2 0.868346
402 2 0.857067
403 2 -1.227802
404 2 0.364349
405 2 1.473281
406 2 -1.216379
407 2 -0.854672
408 2 -1.383531
409 2 -0.763212
410 2 -2.048594
411 2 0.573801
412 2 -2.360944
413 2 -0.122278
414 2 -2.887751
415 2 -0.516651
416 2 -0.299809
417 2 -1.289939
418 2 1.863569
419 2 -1.554276
420 2 0.245566
421 2 -0.783796
422 2 -0.741826
423 2 1.419677
424 2 -0.237881
425 2 2.855893
426 2 -2.654279
427 2 -0.267658
428 2 -2.099521
429 2 -1.899675
430 2 -0.057749
431 2 -1.271376
432 2 0.277278
433 2 0.136352
434 2 0.641506
435 2 1.314814
436 2 -0.203252
437 2 -0.075444
438 2 -1.126024
439 2 -0.110199
440 2 -0.227135
441 2 -0.845078
442 2 -0.499697
443 2 0.527108
444 2 1.239535
445 2 -0.84266
446 2 -0.398851
447 2 0.875013
448 2 0.355652
449 2 1.30878
450 2 -0.259357
451 2 -0.56779
452 2 -0.367994
453 2 -0.208223
454 2 0.179899
455 2 1.01712
456 2 0.783273
457 2 0.33386
458 2 1.219825
459 2 0.303202
460 2 0.338612
461 2 0.311555
462 2 -0.231533
463 2 0.005297
464 2 1.525475
465 2 2.858387
466 2 -0.18424
467 2 -0.650721
468 2 -1.522031
469 2 -1.260745
470 2 0.039487
471 2 0.303871
472 2 -0.187618
473 2 -0.191383
474 2 -0.278262
475 2 0.04977
476 2 -1.508564
477 2 -0.837507
478 2 0.40517
479 2 0.583431
480 2 0.271382
481 2 0.429546
482 2 -0.616896
483 2 -1.21023
484 2 -0.56535
485 2 0.159463
486 2 1.26764
487 2 2.27364
488 2 -0.051729
489 2 0.110135
490 2 1.89907
491 2 -0.16469
492 2 -0.084267
493 2 0.040132
494 2 0.306993
495 2 1.364891
497 2 1.323905
499 2 0.312654
504 2 1.739375
506 2 0.669484
507 2 1.776689
509 2 0.581862
511 2 1.447261
514 2 -0.827774
515 2 -0.934089
516 2 1.314757
518 2 0.439811
519 2 -1.198927
520 2 0.97245
522 2 0.853755
526 2 -1.208554
527 2 -0.061599
528 2 0.932761
529 2 0.363037
530 2 -2.302064
533 2 -1.491166
535 2 1.116189
539 2 -0.612289
542 2 0.767931
543 2 -0.455148
544 2 -1.045964
545 2 0.351564
546 2 -0.147118
547 2 0.218982
548 2 0.319372
549 2 1.750616
550 2 -1.047483
551 2 -0.546232
552 2 -0.940376
556 2 -0.670266
557 2 0.187686
561 2 0.496144
565 2 0.25189
566 2 0.965698
567 2 1.714012
569 2 0.673378
570 2 -1.740937
571 2 0.279975
572 2 -0.118883
574 2 0.471182
575 2 0.123409
576 2 0.325187
577 2 -1.073494
578 2 -1.431113
581 2 0.80161
585 2 2.171126
587 2 0.651911
588 2 1.523794
590 2 0.647814
595 2 0.942184
596 2 -2.602091
597 2 0.379838
598 2 -0.046088
601 2 0.058849
602 2 -1.798289
603 2 1.020383
604 2 -1.757047
605 2 0.374864
606 2 0.173393
607 2 1.232787
610 2 -1.3418
611 2 1.254174
613 2 -0.588246
616 2 0.248028
617 2 -0.463994
618 2 0.768976
622 2 -1.624027
625 2 0.317662
626 2 -0.49765
630 2 1.384377
631 2 0.097104
632 2 -1.408899
635 2 -0.623576
637 2 2.246121
638 2 0.175587
639 2 -0.552379
647 2 -1.592866
649 2 1.346915
651 2 -0.092237
652 2 1.167585
653 2 1.712284
654 2 -0.805417
655 2 -1.13199
656 2 -1.866939
657 2 -0.896309
659 2 -0.052635
660 2 -1.757428
664 2 1.08435
668 2 -1.212214
669 2 2.104445
671 2 -0.176966
675 2 3.096089
676 2 0.99704
678 2 0.012171
680 2 -0.246117
682 2 -0.428337
683 2 -0.626448
684 2 0.490799
686 2 -0.520124
688 2 0.304381
689 2 1.973859
690 2 0.315105
691 2 -0.576617
693 2 -0.870608
694 2 -0.663691
698 2 0.838765
701 2 0.011356
702 2 -1.227535
703 2 0.489974
705 2 0.589394
707 2 0.965694
708 2 -0.758315
709 2 -1.550456
710 2 0.678736
712 2 1.301723
714 2 1.456716
716 2 -1.376951
719 2 0.203545
721 2 -0.664534
722 2 -1.127029
723 2 0.51402
726 2 0.992556
729 2 -0.433833
733 2 -0.474428
737 2 -0.830922
745 2 -1.046405
746 2 0.090257
748 2 0.054904
749 2 -0.411452
750 2 1.032728
752 2 0.149532
753 2 -2.12092
754 2 -0.998796
755 2 0.389797
756 2 -0.856314
758 2 0.197786
759 2 0.187299
760 2 -1.713698
762 2 -2.668034
767 2 -0.574043
768 2 -0.47037
770 2 0.396224
771 2 -1.1223
773 2 1.52857
775 2 0.225273
776 2 -0.067728
781 2 0.458092
783 2 -0.160223
787 2 0.139461
788 2 0.038749
794 2 -0.166008
797 2 -0.126233
799 2 0.63839
802 2 1.158413
810 2 1.208944
812 2 -0.913022
813 2 -1.352446
814 2 -0.511668
816 2 -1.059625
817 2 0.979273
820 2 -0.623932
824 2 0.020874
825 2 0.718775
827 2 -0.685778
828 2 0.384382
830 2 1.259574
831 2 0.960189
832 2 -0.092424
834 2 -0.012449
835 2 0.89453800000000006
837 2 0.258143
838 2 -1.041847
839 2 0.033312
840 2 0.232535
841 2 -1.094706
845 2 0.353284
847 2 0.483256
849 2 -1.121857
850 2 1.003632
851 2 0.433725
853 2 2.670176
857 2 -0.321502
858 2 0.869235
860 2 -2.15315
863 2 0.722765
864 2 -0.285284
865 2 1.363437
866 2 1.175124
868 2 0.378077
870 2 -1.122783
872 2 -0.604467
874 2 0.037731
876 2 -0.809897
877 2 -1.005884
883 2 -2.51371
885 2 -0.573828
886 2 1.723296
887 2 0.523484
888 2 1.135912
889 2 0.087952
891 2 1.692152
892 2 0.850273
893 2 1.479796
895 2 1.67532
896 2 1.656802
897 2 0.491945
901 2 -0.191794
902 2 1.350698
905 2 1.20519
906 2 -1.281315
908 2 -0.181197
909 2 0.018255
910 2 2.492099
911 2 1.240758
912 2 -0.783243
913 2 0.659924
915 2 2.630544
916 2 1.273851
917 2 -2.161304
918 2 -0.345458
919 2 -0.816668
924 2 -1.321725
925 2 -0.895511
927 2 -0.432923
928 2 -1.526952
930 2 3.180674
931 2 -0.870658
932 2 -1.123054
936 2 -0.440499
938 2 -0.751883
940 2 -0.169923
942 2 -0.891816
944 2 -2.13934
945 2 -0.602217
950 2 0.126975
951 2 -1.23387
953 2 0.222415
954 2 -0.915221
955 2 -0.033251
959 2 0.169906
961 2 0.893867
963 2 0.330094
968 2 -0.026737
969 2 1.241419
970 2 -1.3733900000000001
973 2 0.972762
975 2 -1.162786
976 2 1.960249
977 2 0.630366
981 2 -1.054571
982 2 -0.468718
986 2 0.264627
988 2 -0.690588
989 2 -1.040437
991 2 0.660522
992 2 -0.484665
993 2 -0.536373
994 2 1.325643
995 2 0.105428
997 2 -0.889862
1001 2 0.138862
1002 2 -0.968646
1006 2 0.835246
1008 2 0.450619
1010 2 -1.729354
1011 2 -0.128904
1013 2 -1.366092
1014 2 1.38687
1015 2 0.83201
1016 2 0.481706
1021 2 0.212543
1022 2 0.204535
1023 2 -0.974988
1026 2 -0.818036
1027 2 -1.64029
1029 2 -0.398732
1030 2 -1.074022
1031 2 -0.965697
1033 2 0.158139
1036 2 -0.12203
1037 2 0.299483
1040 2 0.939753
1041 2 -0.365695
1047 2 2.085388
1048 2 0.082823
1049 2 0.896821
1053 2 -0.18853
1054 2 -0.581865
1060 2 0.957354
1061 2 0.364352
1062 2 -0.817747
1064 2 -0.278986
1066 2 0.685919
1071 2 0.255179
1075 2 1.683589
1077 2 -0.094032
1080 2 -0.095341
1081 2 0.566746
1083 2 0.106473
1088 2 -1.543988
1090 2 1.805711
1092 2 -1.315157
1093 2 0.544058
1095 2 -1.747914
1096 2 -1.592695
1097 2 -0.059075
1098 2 -1.467958
1099 2 -1.51964
1100 2 0.631696
1102 2 0.471135
1103 2 -1.167146
1104 2 -0.831442
1105 2 -0.920833
1106 2 -0.259129
1107 2 1.195313
1110 2 -0.055224
1111 2 -0.973341
1112 2 0.045582
1114 2 -0.329352
1115 2 0.896073
1117 2 -0.219748
1120 2 0.779991
1121 2 1.098863
1122 2 0.870398
1125 2 -0.536715
1130 2 1.64207
1132 2 -0.373943
1133 2 2.283313
1135 2 0.113433
1136 2 1.725619
1138 2 0.411844
1139 2 1.264979
1142 2 0.740967
1143 2 0.82247
1144 2 -0.096301
1146 2 0.162339
1147 2 0.004713
1154 2 -0.24507
1155 2 -1.423159
1157 2 0.335912
1158 2 0.017177
1160 2 -0.767742
1164 2 0.471687
1165 2 0.173262
1166 2 -0.957224
1167 2 -1.386856
1170 2 -0.424671
1171 2 1.416437
1172 2 -0.598495
1173 2 0.141281
1174 2 -0.444105
1175 2 0.068592
1177 2 1.332452
1179 2 -0.742263
1181 2 -0.047625
1188 2 1.763892
1189 2 0.09093
1191 2 -0.599257
1192 2 0.631786
1193 2 -0.011023
1195 2 0.919024
1196 2 -0.051281
1197 2 0.686678
1200 2 1.693026
1201 2 -0.478429
1202 2 0.393991
1204 2 -0.423615
1206 2 -0.347532
1209 2 -0.416747
1211 2 0.317189
1212 2 0.026532
1215 2 0.611379
1216 2 0.567888
1217 2 1.882843
1218 2 0.748288
1219 2 -0.898376
1220 2 1.431697
1221 2 1.116049
1223 2 1.645466
1224 2 0.99536500000000006
1228 2 0.992697
1229 2 -1.975631
1231 2 -0.681454
1232 2 1.028969
1233 2 -1.282861
1235 2 1.965048
1237 2 -0.056801
1240 2 0.577843
1241 2 -1.331494
1242 2 0.511974
1243 2 0.805583
1246 2 -1.023746
1251 2 -0.698591
1252 2 0.559591
1253 2 1.843783
1256 2 0.343522
1257 2 0.573975
1259 2 -0.481421
1263 2 -1.191746
1264 2 0.176551
1267 2 -1.203356
1268 2 1.304498
1269 2 0.596766
1270 2 -0.152143
1273 2 -0.828451
1275 2 -1.653297
1276 2 0.213693
1277 2 -0.779815
1278 2 -1.21629
1279 2 -1.674999
1280 2 0.279212
1281 2 0.486551
1282 2 -1.285378
1283 2 -1.264629
1284 2 0.659401
1286 2 -0.556133
1287 2 0.237374
1288 2 -1.254302
1293 2 -0.33087
1297 2 -0.045344
1298 2 -1.55175
1299 2 1.109605
1300 2 0.922349
1301 2 -0.652321
1302 2 -0.53218
1303 2 -0.696242
1306 2 1.756768
1307 2 0.054125
1309 2 -1.357024
1310 2 -0.405542
1313 2 -0.33624
1316 2 -0.661137
1319 2 -0.306934
1320 2 0.242556
1322 2 1.799496
1323 2 -1.056747
1325 2 -0.167045
1330 2 1.30633
1331 2 -0.048574
1332 2 -1.102311
1333 2 -0.148412
1334 2 0.444458
1335 2 0.024731
1341 2 0.389625
1342 2 -0.987312
1343 2 0.186074
1347 2 -1.577156
1350 2 -0.434379
1352 2 -0.654101
1354 2 -0.530792
1356 2 -0.890383
1357 2 1.403366
1358 2 1.648724
1360 2 0.361334
1362 2 -0.160481
1364 2 -0.537269
1365 2 -0.796775
1366 2 0.31545
1367 2 0.119792
1368 2 -0.750217
1373 2 -0.500894
1374 2 0.595666
1376 2 0.964776
1377 2 0.254153
1380 2 -0.044713
1382 2 1.42487
1383 2 0.418815
1384 2 -0.926109
1385 2 -0.78409
1387 2 0.083895
1389 2 0.855927
1391 2 -0.434421
1393 2 -1.239628
1394 2 0.478417
1397 2 -0.981212
1398 2 -0.322498
1399 2 -0.768891
1400 2 -0.258217
1402 2 -1.005385
1405 2 0.620456
1409 2 1.285629
1413 2 -2.278758
1414 2 -0.910517
1417 2 0.070398
1423 2 1.328618
1429 2 -0.054072
1431 2 -0.370925
1433 2 -0.063631
1434 2 0.8406
1435 2 0.68512
1436 2 1.114045
1437 2 -1.365767
1441 2 0.407474
1442 2 0.26194
1444 2 0.571062
1450 2 1.951085
1451 2 -0.386033
1455 2 1.348911
1461 2 -0.311751
1463 2 -0.893684
1467 2 -0.486507
1468 2 -1.048738
1473 2 -0.928091
1474 2 -1.391775
1479 2 0.422774
1480 2 -0.789849
1481 2 -1.042654
1482 2 -0.359927
1489 2 1.452414
1496 2 -8.33e-4
1498 2 1.668067
1499 2 0.173648
1500 2 -0.498625
1501 2 -0.059543
1504 2 -0.763959
1506 2 0.830148
1507 2 0.823935
1508 2 -0.100774
1511 2 1.739836
1513 2 0.253902
1514 2 0.133586
1515 2 1.180963
1516 2 0.830355
1519 2 -0.257187
1520 2 0.378378
1521 2 -0.022527
1522 2 -0.144098
1525 2 1.146265
1528 2 -0.025608
1529 2 -0.432357
1530 2 1.455386
1531 2 -0.133278
1532 2 -1.119668
1538 2 1.182387
1539 2 1.67886
1541 2 0.012542
1542 2 -0.915958
1545 2 -1.366154
1547 2 -1.897854
1548 2 -0.603887
1550 2 -0.635768
1555 2 -0.590319
1560 2 -0.04568
1561 2 0.485045
1565 2 -0.68812
1566 2 -0.347669
1570 2 -1.457614
1572 2 -0.264404
1573 2 0.831505
1576 2 0.013448
1578 2 -0.219919
1579 2 -0.682237
1581 2 -0.827868
1583 2 -0.55531
1585 2 0.394748
1587 2 -0.732603
1591 2 0.105379
1592 2 0.433894
1595 2 0.574046
1596 2 0.879687
1599 2 -0.643608
1604 2 -0.089246
1607 2 0.406713
1608 2 -0.117034
1609 2 1.778942
1610 2 0.432281
1612 2 -0.866512
1613 2 1.151432
1614 2 0.719014
1616 2 1.066981
1617 2 -0.361749
1618 2 0.688308
1624 2 -0.304129
1625 2 -1.77048
1626 2 -0.06999
1627 2 -0.773183
1629 2 0.857907
1630 2 -1.401597
1631 2 0.831095
1632 2 -0.384643
1637 2 -0.009082
1638 2 0.304398
1642 2 0.682521
1644 2 1.631829
1646 2 -0.781193
1647 2 -0.390671
1649 2 0.031591
1652 2 -0.336681
1654 2 -0.384004
1657 2 -0.091141
1659 2 0.523055
1661 2 1.405623
1664 2 1.146085
1665 2 -0.301459
1669 2 1.94656
1675 2 -1.578432
1678 2 0.341547
1679 2 -0.783106
1681 2 -1.041279
1682 2 0.065428
1684 2 -0.41356
1685 2 0.832221
1686 2 -0.292625
1687 2 0.997803
1693 2 1.15381
1694 2 0.930886
1695 2 -0.42681
1696 2 2.064086
1697 2 0.242564
1701 2 -0.138068
1702 2 -1.843279
1703 2 -0.608453
1705 2 -1.061976
1706 2 -0.807689
1707 2 2.045658
1709 2 -0.452866
1711 2 2.13611
1714 2 -2.371125
1715 2 0.813561
1716 2 0.929507
1718 2 0.680868
1719 2 0.829
1720 2 -0.643379
1721 2 -0.471283
1723 2 0.206235
1724 2 0.697385
1727 2 0.574134
1729 2 -0.241765
1731 2 0.697141
1732 2 -0.588215
1734 2 -0.075008
1746 2 1.714803
1748 2 0.189078
1750 2 0.57884
1752 2 0.224913
1753 2 -0.300404
1754 2 1.181601
1755 2 0.585057
1756 2 1.243074
1757 2 1.291681
1759 2 -1.147336
1762 2 0.445
1763 2 0.08713
1764 2 -0.362608
1765 2 0.808998
1768 2 -0.72849
1769 2 -1.859595
1770 2 0.779471
1771 2 -0.255134
1772 2 -0.543251
1773 2 -0.761143
1775 2 1.774814
1777 2 -0.644586
1779 2 0.517112
1780 2 1.150627
1782 2 -0.743675
1788 2 1.249998
1793 2 0.59075
1794 2 -1.825143
1796 2 -0.096502
1797 2 0.171991
1798 2 1.199064
1799 2 0.211868
1800 2 0.411487
1801 2 -0.563401
1802 2 0.609803
1803 2 0.163293
1804 2 -1.417324
1806 2 1.349109
1807 2 0.101783
1808 2 -1.149802
1809 2 0.285045
1810 2 -1.681137
1812 2 -0.678357
1820 2 0.573665
1821 2 -0.982406
1823 2 0.43418
1826 2 -1.08949
1827 2 -1.34603
1828 2 -1.146027
1829 2 -0.201401
1830 2 -0.522668
1831 2 0.75993
1833 2 1.14421
1838 2 -1.080543
1843 2 0.366977
1845 2 1.83945
1847 2 1.81726
1848 2 -0.154402
1850 2 1.671591
1853 2 0.614008
1856 2 -0.655123
1857 2 1.01684
1858 2 1.682254
1859 2 0.575444
1860 2 -0.337133
1864 2 2.016012
1865 2 -0.32751
1867 2 -0.301455
1868 2 -1.215685
1872 2 -0.92808
1875 2 -0.031547
1879 2 1.662424
1880 2 1.481907
1883 2 0.513564
1884 2 -1.686092
1885 2 0.323731
1886 2 -0.996414
1889 2 1.744927
1893 2 0.873302
1894 2 -1.146819
1895 2 -0.053975
1898 2 -0.788207
1900 2 0.204655
1901 2 -0.690267
1902 2 -0.293537
1903 2 -1.199884
1904 2 0.294406
1907 2 -0.500773
1909 2 0.998942
1910 2 1.450386
1912 2 0.248664
1916 2 1.221474
1917 2 1.696568
1918 2 -0.050665
1921 2 0.622949
1922 2 1.346426
1933 2 -0.8159
1935 2 0.377082
1936 2 -0.481994
1937 2 1.551522
1938 2 1.159496
1940 2 0.11881799999999999
1941 2 1.730928
1951 2 0.586898
1953 2 1.329633
1954 2 0.247022
1955 2 -0.75896
1956 2 2.019432
1958 2 -0.024742
1963 2 -0.257102
1964 2 -0.521494
1966 2 1.555464
1967 2 -0.182405
1968 2 -1.042029
1969 2 -0.295794
1974 2 -0.764139
1975 2 1.068359
1980 2 -0.242685
1981 2 1.831786
1982 2 -1.377326
1983 2 0.283399
1984 2 -2.162467
1985 2 0.706432
1987 2 1.085476
1989 2 0.429175
1990 2 0.297636
1996 2 2.024025
1997 2 1.302171
1999 2 1.672289
2001 2 1.008367
2002 2 1.633241
2003 2 1.147541
2004 2 0.628572
2005 2 -0.175767
2009 2 -0.095234
2011 2 0.389891
2012 2 -0.267579
2013 2 0.963399
2014 2 1.033404
2017 2 2.661011
2018 2 0.040449
2020 2 2.013224
2022 2 0.508528
2024 2 -1.829688
2025 2 1.432261
2026 2 -0.368435
2027 2 0.29441
2028 2 1.000269
2030 2 -0.259546
2031 2 -0.175672
2037 2 0.367407
2038 2 0.965613
2039 2 0.890079
2040 2 -0.139733
2048 2 -1.500039
2052 2 -0.638982
2053 2 -1.008839
2054 2 1.369284
2055 2 -0.516412
2056 2 0.725396
2058 2 0.155649
2059 2 0.039927
2066 2 -8.12e-4
2068 2 1.764979
2072 2 -0.761464
2082 2 1.13073
2083 2 -0.192221
2089 2 -0.838497
2090 2 0.887439
2094 2 -0.099788
2097 2 -0.650526
2100 2 0.847675
2102 2 0.42829
2104 2 2.141101
2109 2 -0.168351
2110 2 -0.338459
2112 2 -0.005468
2113 2 -0.49101
2116 2 -0.918439
2120 2 0.511022
2121 2 -0.583197
2123 2 -0.139079
2124 2 -0.156928
2125 2 -0.051862
2126 2 -1.102787
2127 2 -0.069064
2128 2 -0.032543
2133 2 0.580501
2134 2 0.23534
2136 2 0.69265
2137 2 -0.893938
2138 2 0.428522
2141 2 1.380105
2143 2 -1.193147
2146 2 1.612769
2147 2 -0.22865
2148 2 -0.135731
2150 2 1.847057
2151 2 -0.049561
2153 2 0.11474
2155 2 -0.077708
2156 2 1.569547
2159 2 0.13375
2168 2 1.293814
2169 2 0.735942
2171 2 -0.768025
2172 2 0.815673
2175 2 -0.753198
2180 2 -1.770152
2181 2 -0.137307
2187 2 1.110542
2188 2 -0.054442
2191 2 0.66686
2192 2 1.421399
2198 2 -0.254086
2200 2 1.797305
2202 2 -0.595187
2203 2 -0.237239
2207 2 1.103331
2210 2 1.136318
2214 2 0.555826
2216 2 -0.759789
2218 2 3.174739
2220 2 -0.107742
2224 2 -0.441362
2226 2 -0.229048
2227 2 -0.628834
2229 2 0.819831
2231 2 0.1207
2234 2 -2.152666
2235 2 0.18042
2237 2 -0.441475
2240 2 2.010509
2247 2 0.017922
2248 2 1.520236
2250 2 -0.490745
2251 2 0.487787
2252 2 0.632722
2253 2 1.273795
2255 2 0.178932
2256 2 -0.490413
2257 2 0.402782
2261 2 -1.63203
2262 2 1.229819
2267 2 1.995393
2268 2 -0.908385
2270 2 0.640749
2271 2 0.331368
2273 2 1.455724
2274 2 1.485321
2277 2 -1.57462
2279 2 0.323048
2280 2 1.44477
2281 2 0.12191
2282 2 -0.664669
2284 2 -0.32214
2286 2 1.863547
2287 2 -1.157537
2288 2 2.116134
2291 2 1.532246
2292 2 2.119467
2296 2 1.290414
2298 2 0.350429
2299 2 0.994969
2304 2 -0.323183
2305 2 -0.310815
2306 2 -0.760157
2310 2 -0.58537
2311 2 -1.082994
2315 2 2.59251
2319 2 -0.549608
2321 2 -0.978287
2323 2 2.276693
2326 2 0.050542
2327 2 1.62489
2329 2 0.299047
2332 2 0.368821
2334 2 0.458465
2335 2 1.560653
2337 2 -2.706452
2338 2 0.470171
2339 2 -0.277926
2341 2 0.09955
2344 2 0.114476
2346 2 0.35027199999999997
2351 2 1.23898
2353 2 0.92247
2357 2 1.21765
2359 2 -0.526867
2360 2 0.242179
2361 2 0.515371
2363 2 0.395498
2364 2 -0.005651
2365 2 0.545171
2368 2 -0.357964
2370 2 1.851904
2371 2 0.298927
2372 2 -1.330215
2373 2 0.297301
2374 2 -0.765359
2377 2 -0.864388
2382 2 -0.537342
2384 2 -0.760358
2385 2 0.175872
2388 2 -0.422261
2391 2 1.037561
2392 2 1.228026
2397 2 -0.13182
2398 2 -0.162713
2400 2 1.362594
2404 2 0.04719
2406 2 -1.192836
2414 2 1.178304
2418 2 -0.984443
2419 2 1.159207
2421 2 0.327693
2424 2 0.258682
2425 2 -0.544352
2426 2 -0.620567
2427 2 -0.728654
2429 2 -0.053669
2432 2 -0.89163
2435 2 0.525872
2436 2 0.836197
2437 2 -0.584385
2438 2 0.332283
2440 2 -0.2814
2442 2 0.702984
2444 2 -0.699207
2446 2 -0.792466
2447 2 1.243578
2449 2 -0.78178
2456 2 -0.771132
2458 2 -0.236593
2460 2 1.525828
2467 2 2.177314
2468 2 1.156292
2469 2 1.131959
2470 2 0.017698
2471 2 0.731798
2473 2 0.082342
2474 2 0.710771
2475 2 -0.398121
2476 2 0.903448
2477 2 -0.254956
2479 2 -0.057868
2480 2 0.701396
2488 2 -1.106538
2492 2 1.192222
2493 2 -0.787745
2494 2 -0.680546
2496 2 1.516717
2497 2 0.464542
2498 2 1.8825
2499 2 0.468182
2501 2 -0.259655
2503 2 1.427869
2504 2 0.694137
2508 2 0.578061
2509 2 -1.931768
2514 2 0.19249
2516 2 -1.099577
2517 2 -0.156506
2518 2 0.441061
2520 2 0.87952
2522 2 0.38404
2524 2 1.729128
2527 2 -0.946225
2532 2 0.908719
2533 2 -1.196587
2534 2 1.248798
2536 2 0.915119
2539 2 1.412212
2540 2 1.791907
2541 2 -0.063417
2544 2 0.37001
2545 2 -0.477556
2546 2 1.068124
2547 2 -0.544267
2548 2 1.214821
2549 2 1.323975
2550 2 -1.367582
2551 2 0.249931
2553 2 2.299236
2554 2 0.699232
2555 2 0.25991
2557 2 0.757083
2558 2 1.619306
2559 2 1.275216
2562 2 -0.393775
2563 2 0.5923
2564 2 2.328751
2565 2 -0.437468
2566 2 0.007796
2569 2 -0.302361
2573 2 1.451479
2577 2 -0.67896
2578 2 1.454612
2579 2 1.115684
2580 2 -1.302699
2581 2 1.884781
2583 2 -0.734706
2585 2 0.394479
2586 2 -0.275598
2588 2 0.478983
2589 2 -1.051036
2590 2 0.939049
2591 2 1.022095
2592 2 1.651618
2595 2 -0.280395
2596 2 0.502381
2599 2 1.009221
2600 2 0.07563
2602 2 -0.496512
2603 2 -1.506466
2606 2 2.248914
2608 2 -0.378399
2612 2 0.883221
2613 2 0.258453
2614 2 0.114531
2615 2 -1.754403
2616 2 1.131715
2617 2 -0.508615
2618 2 0.140101
2620 2 -1.089481
2622 2 -1.33769
2624 2 1.524863
2625 2 -0.038142
2626 2 1.308335
2627 2 1.37326
2628 2 0.126185
2632 2 0.858447
2633 2 0.654897
2636 2 0.936576
2638 2 1.799473
2640 2 -0.800223
2641 2 -0.657016
2645 2 -0.185712
2646 2 0.079719
2648 2 0.616631
2651 2 -0.764843
2654 2 0.246465
2657 2 1.329196
2660 2 0.209389
2661 2 1.008959
2662 2 0.041754
2669 2 -0.785199
2673 2 -0.051682
2674 2 -2.352368
2675 2 0.708304
2679 2 1.224903
2681 2 -1.798013
2682 2 -0.40948
2684 2 -1.019359
2685 2 1.344398
2686 2 -0.132866
2688 2 0.358224
2690 2 1.360502
2692 2 0.710831
2693 2 -0.651603
2698 2 -0.247236
2699 2 -1.990938
2700 2 -0.383979
2702 2 -0.133787
2704 2 -0.056714
2707 2 1.069876
2709 2 0.013979
2710 2 0.076261
2712 2 -0.505955
2714 2 -1.494876
2717 2 0.98253
2722 2 0.369071
2723 2 0.669273
2726 2 0.375002
2729 2 0.40072
2730 2 0.380926
2733 2 1.138284
2734 2 0.473256
2735 2 0.209689
2736 2 -1.1769
2739 2 0.774057
2740 2 0.270669
2742 2 -0.433242
2743 2 -0.067916
2744 2 1.431108
2746 2 0.143371
2748 2 -0.052488
2751 2 -1.50684
2754 2 1.893373
2756 2 0.718656
2759 2 -0.405539
2760 2 0.266086
2761 2 1.444293
2765 2 -1.788757
2766 2 1.368939
2767 2 -0.951005
2769 2 -2.237947
2771 2 -1.669205
2772 2 -0.684817
2773 2 1.60971
2778 2 1.341885
2779 2 1.016066
2782 2 0.695593
2785 2 -1.053815
2787 2 1.016623
2790 2 -2.058997
2791 2 1.744388
2793 2 -0.520294
2794 2 1.722161
2797 2 0.970289
2799 2 -1.365511
2800 2 -0.411672
2801 2 1.822057
2803 2 0.654666
2805 2 0.011212
2806 2 0.514814
2807 2 0.283306
2809 2 0.004257
2811 2 -2.405107
2812 2 0.549713
2813 2 0.12082
2814 2 -1.343188
2815 2 -1.182988
2817 2 0.014529
2819 2 0.341377
2821 2 -0.556465
2823 2 0.471123
2827 2 2.022461
2829 2 -0.909325
2831 2 -1.502511
2832 2 -0.336665
2833 2 0.725238
2834 2 2.658828
2836 2 -0.049316
2837 2 -0.599266
2840 2 -0.06534
2841 2 0.615913
2842 2 1.050397
2843 2 0.10704
2844 2 -0.37555500000000003
2846 2 -0.330033
2848 2 0.005354
2853 2 0.760707
2856 2 1.074967
2858 2 0.527897
2860 2 -0.202718
2861 2 0.670407
2864 2 -0.849698
2865 2 1.407843
2867 2 1.199471
2868 2 1.121498
2869 2 -0.228003
2875 2 0.579173
2880 2 1.800677
2881 2 -0.210471
2882 2 0.321379
2883 2 0.795289
2884 2 0.305815
2885 2 -0.030375
2889 2 1.067331
2892 2 -0.463331
2893 2 -0.649293
2894 2 0.176205
2896 2 -0.716632
2898 2 -1.375782
2900 2 2.306134
2902 2 1.125189
2906 2 1.183729
2908 2 -1.244811
2910 2 -1.068645
2912 2 -1.11646
2913 2 -0.496733
2914 2 0.678622
2915 2 0.842163
2916 2 1.083585
2920 2 0.213037
2921 2 1.181185
2922 2 0.44531
2924 2 1.273392
2925 2 -0.235446
2926 2 0.697521
2930 2 0.043205
2932 2 -1.868095
2933 2 0.083121
2939 2 -0.436964
2945 2 0.011982
2946 2 0.48712
2950 2 0.88835
2952 2 -0.273278
2953 2 0.562274
2954 2 1.558434
2956 2 0.889965
2958 2 -1.589928
2959 2 -0.003684
2960 2 1.2576
2961 2 -0.332535
2963 2 -0.238609
2967 2 -0.061741
2968 2 0.176961
2969 2 0.845441
2970 2 -0.446421
2971 2 1.440769
2973 2 -0.170655
2975 2 -2.869485
2976 2 0.649581
2981 2 -0.36435
2982 2 -0.935046
2983 2 -0.710824
2986 2 -1.261053
2987 2 -0.942663
2989 2 -0.040863
2990 2 -0.944898
2991 2 -1.747615
2992 2 0.009459
3001 2 0.905533
3002 2 -0.167691
3003 2 -1.499772
3006 2 1.99013
3008 2 -1.078995
3010 2 -0.421741
3014 2 -1.122489
3017 2 -0.213531
3018 2 0.380098
3020 2 -0.640652
3021 2 0.92437
3022 2 0.80845
3023 2 0.973494
3024 2 0.86933
3027 2 -0.71971
3028 2 0.771462
3029 2 -1.138533
3030 2 1.204897
3031 2 0.674151
3033 2 0.310803
3034 2 0.735764
3036 2 -0.263477
3037 2 -0.473229
3038 2 -1.72372
3041 2 0.213413
3042 2 0.2882
3043 2 1.171325
3046 2 0.82372
3048 2 1.151041
3049 2 0.05113
3050 2 -0.2525
3051 2 0.912479
3052 2 -0.787792
3053 2 -0.44841
3055 2 -1.315768
3056 2 0.171805
3059 2 1.120613
3061 2 -0.274819
3063 2 0.729492
3065 2 0.244938
3066 2 1.705336
3069 2 1.062008
3071 2 -0.391685
3074 2 -0.329278
3075 2 0.794682
3078 2 1.024643
3081 2 -0.045962
3083 2 2.488763
3085 2 0.754876
3086 2 2.080752
3087 2 0.331944
3091 2 0.328193
3094 2 0.197925
3100 2 0.057245
3101 2 0.132308
3103 2 -0.944914
3106 2 3.581054
3108 2 0.590825
3109 2 0.878889
3111 2 -1.947304
3114 2 0.057536
3115 2 1.358365
3116 2 0.750384
3117 2 0.885839
3118 2 0.23772
3119 2 0.771648
3121 2 1.155155
3123 2 1.781226
3125 2 0.39465
3127 2 -1.765482
3128 2 1.111309
3129 2 -0.716365
3130 2 1.312798
3131 2 -0.211398
3132 2 1.602672
3133 2 2.03922
3134 2 1.253937
3135 2 0.766939
3136 2 0.065033
3137 2 -0.708172
3138 2 0.547918
3141 2 2.233739
3144 2 0.949928
3145 2 1.345286
3146 2 -0.354962
3148 2 -1.027553
3149 2 -0.759577
3150 2 0.056423
3156 2 0.70382
3158 2 0.01469
3161 2 2.755864
3163 2 0.663696
3164 2 0.036255
3166 2 -0.044057
3168 2 0.355377
3170 2 -1.305501
3172 2 0.644928
3174 2 -0.359878
3178 2 -0.405353
3181 2 -1.13932
3185 2 -0.250319
3186 2 0.986141
3188 2 1.048311
3189 2 -0.398401
3191 2 0.048252
3192 2 0.743261
3194 2 0.61116
3200 2 -0.332735
3201 2 0.149503
3202 2 1.147948
3203 2 1.446485
3204 2 1.144741
3205 2 0.301397
3206 2 -0.995343
3211 2 2.429834
3212 2 -0.389672
3213 2 1.477115
3214 2 1.29438
3218 2 -0.147579
3220 2 1.040009
3221 2 0.797047
3223 2 -0.154118
3224 2 -0.031963
3226 2 2.136556
3227 2 1.339855
3231 2 -0.679231
3233 2 -0.482563
3235 2 0.626136
3236 2 0.546787
3237 2 1.84839
3238 2 0.925948
3239 2 -1.145234
3240 2 0.115354
3242 2 0.863047
3243 2 1.309666
3244 2 0.064774
3245 2 -1.36835
3246 2 0.119338
3247 2 -0.741837
3253 2 -0.495174
3254 2 0.221307
3256 2 1.998354
3258 2 2.219621
3259 2 0.647626
3262 2 1.203188
3263 2 1.695292
3268 2 -2.757206
3271 2 0.211411
3272 2 0.730098
3275 2 0.03478
3276 2 0.645599
3277 2 1.270697
3278 2 1.338303
3279 2 -0.928937
3280 2 1.24606
3283 2 0.987536
3284 2 2.238988
3285 2 1.651942
3286 2 0.875448
3287 2 0.947281
3288 2 0.729144
3290 2 -0.062637
3291 2 -1.832139
3294 2 -0.337214
3296 2 1.494535
3298 2 0.154384
3299 2 -0.598011
3300 2 1.071896
3309 2 0.524144
3313 2 0.24831
3314 2 0.635469
3315 2 -0.088044
3316 2 -0.780382
3322 2 1.640471
3323 2 1.563175
3325 2 0.582401
3326 2 -0.644101
3327 2 -0.012326
3328 2 0.460631
3329 2 0.761205
3333 2 0.006342
3336 2 0.564043
3339 2 0.312326
3341 2 1.983529
3342 2 -0.427868
3345 2 -1.341088
3346 2 2.152696
3347 2 0.0869
3350 2 -0.249944
3351 2 0.687713
3352 2 1.470389
3353 2 -0.193458
3354 2 0.386547
3355 2 -1.487794
3356 2 1.695889
3357 2 3.106109
3359 2 1.346002
3360 2 -0.380153
3361 2 -0.428262
3363 2 -1.329472
3364 2 0.424081
3365 2 -0.03038
3366 2 -0.554661
3373 2 0.678724
3375 2 -0.427427
3376 2 0.310877
3377 2 1.241235
3380 2 1.257608
3381 2 1.198968
3382 2 -0.038672
3383 2 1.739384
3384 2 1.653178
3385 2 -0.739299
3386 2 -1.435666
3388 2 0.872937
3390 2 1.505082
3391 2 -0.430205
3393 2 0.930471
3394 2 -1.465328
3395 2 1.367949
3399 2 -0.065884
3401 2 1.141735
3403 2 2.049672
3405 2 0.854655
3408 2 -0.582633
3411 2 -0.971945
3414 2 1.93451
3415 2 -0.744344
3417 2 1.34171
3418 2 1.539969
3421 2 0.612797
3427 2 -1.13623
3428 2 0.64827
3429 2 0.853615
3431 2 -0.113074
3432 2 1.736941
3433 2 -0.091831
3435 2 -1.091212
3436 2 0.489933
3439 2 1.973481
3441 2 -0.661057
3444 2 -1.25962
3447 2 0.551553
3450 2 -0.703749
3451 2 1.573869
3452 2 0.653931
3453 2 1.204872
3457 2 -2.050748
3458 2 0.804491
3459 2 -0.656704
3460 2 0.986686
3461 2 -1.028655
3462 2 -0.021134
3464 2 0.283047
3465 2 1.318005
3466 2 1.293722
3468 2 -0.384865
3471 2 0.681301
3473 2 0.352915
3477 2 -0.37202
3478 2 1.480722
3480 2 -0.434625
3484 2 -0.589293
3486 2 -1.389174
3489 2 0.328544
3491 2 -1.333895
3494 2 0.519819
3495 2 -0.518182
3497 2 2.247535
3498 2 0.622341
3499 2 -0.929264
3500 2 0.588745
3502 2 -0.312858
3505 2 0.153213
3506 2 1.537644
3508 2 0.334779
3511 2 1.469729
3513 2 -0.376858
3515 2 0.31647
3516 2 -1.344268
3517 2 1.410408
3519 2 1.443482
3520 2 0.890715
3521 2 0.414158
3522 2 -0.154946
3523 2 -0.944391
3525 2 0.90512
3528 2 0.252152
3529 2 1.510222
3531 2 1.739626
3533 2 -0.731008
3534 2 0.232755
3535 2 -0.121766
3539 2 1.736515
3541 2 -1.552636
3542 2 0.41988
3543 2 0.360046
3544 2 -0.790152
3547 2 1.036635
3559 2 0.93703
3560 2 -0.133266
3561 2 0.100952
3562 2 0.203638
3565 2 2.208818
3566 2 -0.895176
3569 2 -0.879587
3570 2 1.51571
3571 2 -0.408449
3573 2 1.809104
3574 2 0.240838
3576 2 0.37403
3578 2 0.884337
3579 2 -0.13875
3580 2 0.157032
3582 2 1.952354
3583 2 2.128328
3585 2 1.451079
3586 2 -0.131584
3597 2 1.218377
3602 2 0.750572
3603 2 1.69383
3604 2 -0.224751
3610 2 -0.492971
3613 2 0.321812
3615 2 0.620665
3616 2 0.060401
3620 2 0.157492
3622 2 -1.161026
3623 2 1.290155
3626 2 0.143762
3631 2 -0.004155
3632 2 -1.334447
3633 2 -1.490522
3634 2 -1.454624
3635 2 1.103743
3641 2 1.469914
3644 2 0.474943
3645 2 0.954122
3646 2 -0.436662
3647 2 -0.601821
3648 2 -0.081409
3651 2 0.78029
3653 2 1.250594
3657 2 0.311744
3659 2 0.836157
3662 2 1.209015
3666 2 0.772406
3667 2 0.380358
3668 2 0.407291
3669 2 1.246571
3670 2 1.831744
3673 2 0.336496
3676 2 0.975219
3677 2 -0.356484
3680 2 -1.081572
3681 2 0.598814
3683 2 3.181124
3684 2 -0.943378
3686 2 0.212061
3687 2 0.436974
3688 2 2.091824
3694 2 -1.046846
3696 2 1.186141
3698 2 0.158449
3700 2 0.476178
3705 2 0.80709
3706 2 -0.336695
3711 2 0.493508
3714 2 0.634472
3717 2 0.181803
3718 2 0.235379
3723 2 -2.132259
3726 2 2.080947
3727 2 -0.628911
3730 2 0.76031
3731 2 1.122739
3733 2 1.236262
3735 2 0.402141
3736 2 1.808821
3739 2 -0.966337
3740 2 1.502479
3743 2 1.15702
3745 2 0.247045
3747 2 0.482522
3748 2 1.146084
3752 2 -0.487985
3753 2 0.943421
3755 2 -1.891241
3757 2 0.455924
3758 2 1.470612
3759 2 -0.992946
3760 2 -0.262909
3761 2 0.961724
3765 2 -0.653832
3769 2 -0.665327
3772 2 -0.571091
3775 2 0.708586
3778 2 0.022988
3779 2 0.185821
3781 2 0.873849
3783 2 0.809537
3790 2 -1.492557
3793 2 -0.613163
3794 2 1.311093
3796 2 0.285445
3801 2 -0.338
3802 2 0.033376
3804 2 0.512119
3806 2 1.166494
3808 2 0.71149
3813 2 0.045079
3815 2 -0.007124
3816 2 0.034153
3820 2 -1.022978
3822 2 -0.003632
3824 2 -1.157615
3825 2 -0.370809
3831 2 0.624256
3832 2 1.01528
3833 2 0.198944
3834 2 -2.491736
3837 2 0.931418
3840 2 -0.452917
3842 2 -1.482901
3844 2 0.707096
3847 2 0.137771
3849 2 0.811861
3850 2 0.431109
3851 2 -0.630327
3852 2 0.803154
3854 2 0.694428
3857 2 -1.815014
3858 2 0.445732
3860 2 0.417929
3862 2 -1.076384
3864 2 0.802749
3865 2 0.284736
3867 2 -0.803148
3870 2 0.967497
3871 2 -0.081185
3872 2 1.880288
3875 2 0.506933
3876 2 1.538067
3877 2 -0.579048
3878 2 0.717427
3879 2 0.501284
3884 2 -0.191511
3885 2 0.407554
3894 2 1.571019
3895 2 0.829638
3896 2 -1.700595
3897 2 -0.385282
3900 2 -0.960643
3903 2 1.005906
3904 2 -0.169166
3909 2 0.143027
3910 2 -0.350108
3911 2 -0.078165
3913 2 -0.021563
3915 2 0.687594
3916 2 0.423644
3917 2 0.630658
3921 2 1.501204
3924 2 -0.828095
3927 2 0.104923
3928 2 0.784779
3931 2 -0.153779
3932 2 0.267311
3933 2 -0.870619
3934 2 -0.141097
3935 2 -0.330649
3938 2 1.593773
3940 2 1.040043
3941 2 0.259617
3944 2 1.519056
3946 2 1.920771
3949 2 0.052867
3951 2 -0.127661
3952 2 -0.124805
3953 2 -0.677269
3954 2 0.951671
3955 2 -0.7241
3956 2 0.499594
3959 2 1.346827
3962 2 -0.743038
3963 2 0.804655
3964 2 -1.00802
3965 2 0.156528
3966 2 2.406487
3969 2 -0.256663
3971 2 -2.079812
3979 2 -1.143126
3980 2 1.413605
3981 2 -1.524369
3985 2 1.538507
3986 2 0.625531
3987 2 2.400268
3988 2 1.644756
3989 2 1.16825
3990 2 -0.377621
3992 2 1.098728
3996 2 -1.55144
4000 2 1.174528
4001 2 0.003352
4002 2 0.223245
4004 2 0.725093
4005 2 -0.284989
4007 2 1.505677
4009 2 -0.238062
4010 2 -0.316185
4012 2 0.038382
4014 2 1.105907
4016 2 -0.983247
4017 2 -0.314241
4019 2 -1.286582
4021 2 0.287073
4022 2 0.746109
4023 2 1.516541
4027 2 0.784772
4028 2 1.211075
4031 2 -0.932457
4035 2 0.386558
4040 2 0.023673
4041 2 -1.349908
4043 2 0.03595
4044 2 -0.834409
4045 2 1.34181
4048 2 0.404795
4052 2 1.534067
4053 2 0.02067
4054 2 0.931536
4055 2 -1.238565
4057 2 1.669086
4058 2 -0.957825
4059 2 -1.135776
4060 2 0.164252
4062 2 -0.955356
4063 2 -0.358622
4069 2 1.441647
4076 2 -1.178968
4078 2 0.589396
4080 2 -1.354343
4081 2 0.048279
4083 2 2.980157
4084 2 0.270161
4085 2 -0.957487
4090 2 0.055569
4091 2 0.068201
4094 2 0.01711
4095 2 0.815123
4096 2 -0.029714
4097 2 0.559267
4100 2 1.418647
4102 2 -0.264785
4103 2 -0.783683
4104 2 -0.323996
4105 2 2.059404
4106 2 0.73346
4108 2 1.49889
4110 2 0.930863
4111 2 1.665167
4114 2 2.276204
4115 2 0.76141
4123 2 1.1831
4124 2 1.175324
4125 2 1.015924
4127 2 -0.791408
4128 2 1.355759
4132 2 -0.315522
4134 2 1.119603
4137 2 0.13671
4138 2 0.362119
4141 2 -1.327358
4145 2 0.696556
4147 2 1.72542
4148 2 1.090739
4151 2 2.277564
4152 2 1.913409
4153 2 -0.17438
4157 2 1.268089
4164 2 2.248623
4165 2 1.67766
4166 2 0.447474
4168 2 -0.866166
4174 2 3.728058
4175 2 -1.042216
4177 2 0.125839
4178 2 0.617391
4181 2 1.033151
4182 2 0.54415500000000006
4183 2 -0.191158
4185 2 0.135709
4186 2 1.697461
4187 2 1.098924
4188 2 0.666198
4190 2 -0.457801
4194 2 0.644388
4195 2 1.300466
4196 2 -0.290286
4199 2 1.116376
4200 2 1.639354
4203 2 -0.229465
4206 2 -0.49736
4211 2 1.182983
4212 2 -0.024279
4213 2 0.921184
4217 2 2.501334
4219 2 1.187123
4224 2 1.736325
4225 2 2.833957
4226 2 0.329352
4229 2 2.77464
4230 2 1.776305
4231 2 1.200432
4233 2 -0.017318
4235 2 0.102852
4236 2 1.889986
4237 2 1.251793
4239 2 0.742916
4242 2 0.495549
4243 2 0.551892
4244 2 1.784536
4245 2 1.162705
4250 2 -0.004712
4251 2 1.03385
4254 2 0.711182
4257 2 -0.447755
4258 2 0.294043
4262 2 0.111817
4263 2 1.560294
4264 2 -1.033912
4265 2 1.123364
4266 2 0.796783
4267 2 0.094635
4268 2 0.772493
4269 2 -0.387812
4270 2 -0.490088
4280 2 0.068857
4281 2 1.989992
4283 2 1.321405
4285 2 0.053852
4286 2 1.626292
4287 2 0.257771
4289 2 1.07673
4292 2 0.295074
4295 2 0.687704
4298 2 -0.034424
4299 2 0.391188
4301 2 -0.725641
4304 2 1.335765
4306 2 1.428014
4307 2 -2.186796
4308 2 -0.673941
4309 2 1.657829
4310 2 -0.493332
4311 2 0.825967
4315 2 0.030822
4317 2 0.580933
4318 2 2.000257
4319 2 -0.382141
4320 2 -1.158574
4323 2 -1.612643
4324 2 0.587348
4325 2 -0.484727
4332 2 0.445836
4335 2 -1.533586
4338 2 0.70679
4339 2 -0.451019
4342 2 2.106981
4343 2 2.044226
4345 2 1.562212
4346 2 -0.581292
4347 2 2.868611
4357 2 -0.338993
4363 2 0.994521
4364 2 0.518681
4365 2 0.160571
4369 2 -1.165073
4370 2 0.294674
4373 2 0.03544
4374 2 0.325028
4376 2 0.476559
4377 2 1.522423
4378 2 -0.3597
4380 2 -0.320297
4382 2 1.387601
4383 2 -0.769996
4388 2 1.128908
4393 2 1.248582
4395 2 -0.240753
4396 2 0.895041
4397 2 -0.521685
4401 2 1.364581
4402 2 0.599276
4403 2 0.652865
4405 2 0.072522
4406 2 0.398038
4413 2 -0.631379
4414 2 0.676481
4416 2 0.439714
4418 2 -1.270777
4419 2 -0.110153
4420 2 0.25504
4425 2 1.161581
4427 2 0.486253
4428 2 -0.053984
4429 2 1.831643
4430 2 -1.452096
4431 2 -0.032712
4432 2 -0.23803
4434 2 0.285628
4437 2 0.977747
4438 2 0.172117
4440 2 -0.397748
4443 2 1.887328
4444 2 -0.793703
4445 2 0.755249
4448 2 0.512935
4453 2 1.63821
4458 2 1.456504
4459 2 -1.302176
4460 2 0.944813
4461 2 0.759169
4462 2 -1.075387
4463 2 2.523671
4464 2 0.058078
4465 2 -0.909164
4469 2 1.439834
4470 2 1.536778
4471 2 -0.711886
4472 2 0.118868
4473 2 0.651365
4475 2 1.044489
4476 2 -0.808462
4478 2 0.207368
4479 2 1.274392
4484 2 0.52089
4485 2 0.531591
4487 2 2.193397
4488 2 0.586478
4491 2 0.90935
4492 2 -0.202417
4494 2 -1.987246
4499 2 1.012382
4503 2 1.09101
4504 2 -2.123486
4507 2 -1.272755
4508 2 -1.30858
4510 2 -0.477952
4514 2 -0.88457
4515 2 0.289423
4516 2 0.992212
4519 2 -0.500792
4521 2 0.634867
4525 2 0.922074
4526 2 0.210808
4527 2 2.34018
4528 2 2.238825
4532 2 0.310289
4533 2 -0.551609
4536 2 1.743798
4540 2 0.11983
4543 2 0.406063
4544 2 -0.401971
4546 2 -0.165143
4549 2 0.498896
4550 2 1.909969
4551 2 0.300479
4553 2 -1.113883
4557 2 -0.796657
4559 2 -0.500101
4565 2 0.779361
4566 2 1.167442
4567 2 1.308153
4568 2 1.599395
4571 2 0.125626
4572 2 0.289963
4573 2 0.162597
4575 2 1.169335
4576 2 -0.396585
4578 2 -0.299258
4580 2 0.851708
4581 2 -0.057791
4583 2 0.592338
4585 2 0.733943
4586 2 1.966951
4587 2 -0.353833
4588 2 1.461262
4590 2 -0.329584
4592 2 0.72639
4594 2 1.980558
4597 2 0.880762
4600 2 -0.167887
4606 2 0.297445
4613 2 0.061102
4614 2 -2.159867
4616 2 -0.617819
4617 2 0.36604
4618 2 0.111591
4621 2 0.492136
4622 2 -0.237127
4623 2 2.784505
4625 2 -1.320333
4632 2 3.111289
4633 2 0.683945
4634 2 -0.389093
4635 2 -0.19606
4636 2 0.825134
4637 2 1.391276
4639 2 -0.07623
4640 2 0.585283
4642 2 -1.084865
4644 2 -0.692296
4645 2 -0.109163
4646 2 0.100366
4647 2 0.135225
4649 2 -0.243699
4653 2 0.114856
4656 2 0.970197
4660 2 0.504796
4661 2 2.220468
4663 2 -0.649252
4667 2 2.342116
4670 2 1.986726
4671 2 2.406709
4672 2 1.585476
4674 2 -0.601238
4676 2 -0.500062
4677 2 0.82172
4682 2 1.378755
4684 2 0.163156
4686 2 2.191954
4688 2 -0.215003
4689 2 -1.556884
4690 2 -1.084979
4691 2 0.123234
4695 2 1.272701
4696 2 1.892357
4697 2 0.446945
4698 2 1.631931
4700 2 1.276627
4701 2 1.10967
4702 2 0.115727
4703 2 2.849472
4705 2 0.615419
4707 2 0.207999
4709 2 1.661548
4711 2 2.005437
4713 2 -0.107948
4716 2 0.218662
4717 2 1.677643
4720 2 0.314652
4721 2 -0.333746
4723 2 -1.204428
4724 2 0.088274
4726 2 1.370112
4727 2 0.177892
4730 2 0.482434
4732 2 1.525704
4734 2 0.022305
4736 2 0.086409
4737 2 1.975524
4743 2 0.805092
4744 2 -1.016617
4746 2 1.493842
4747 2 1.776511
4748 2 0.368075
4751 2 0.343489
4752 2 2.292125
4753 2 0.007918
4754 2 0.133455
4757 2 1.817806
4758 2 0.19981
4759 2 -0.003215
4763 2 -1.037468
4768 2 1.071575
4771 2 0.069218
4772 2 1.201665
4773 2 -0.453278
4774 2 0.221079
4775 2 -1.406492
4778 2 2.185449
4779 2 1.694385
4780 2 0.105982
4783 2 0.65891
4786 2 0.10083
4788 2 0.117132
4790 2 2.262202
4796 2 -0.348688
4799 2 0.920168
4800 2 1.842029
4802 2 0.874516
4804 2 1.209604
4806 2 0.335382
4807 2 0.771696
4809 2 -0.037586
4812 2 0.685184
4816 2 0.602799
4818 2 -1.357904
4828 2 1.017827
4830 2 1.167365
4832 2 2.325505
4837 2 1.892685
4838 2 0.383256
4839 2 0.313989
4841 2 0.371832
4842 2 0.769875
4843 2 1.939942
4844 2 -2.389438
4849 2 0.582969
4850 2 0.21553
4851 2 1.325986
4855 2 -0.059206
4856 2 -0.871867
4858 2 1.805817
4864 2 1.931607
4866 2 0.55559
4867 2 1.824008
4868 2 0.520512
4874 2 0.202769
4876 2 -0.231295
4877 2 -0.079074
4878 2 0.868446
4879 2 1.130272
4880 2 -1.769026
4881 2 1.094343
4883 2 1.60277
4886 2 0.427015
4889 2 0.357016
4890 2 2.796108
4891 2 0.157762
4892 2 1.092543
4894 2 -0.278037
4895 2 -0.086458
4896 2 0.95891
4899 2 0.242615
4900 2 -1.637558
4901 2 0.657449
4902 2 1.194219
4904 2 0.233639
4905 2 1.11287
4907 2 1.503371
4908 2 0.164042
4909 2 -0.358341
4915 2 0.619927
4919 2 -2.654728
4920 2 1.14294
4921 2 1.271471
4925 2 1.086835
4931 2 0.637194
4932 2 0.865674
4933 2 -1.497209
4934 2 -1.064891
4936 2 2.487061
4940 2 2.438013
4944 2 0.43502999999999997
4945 2 1.794636
4946 2 1.719387
4947 2 -0.369083
4948 2 1.452977
4949 2 2.67182
4950 2 -1.497111
4952 2 1.518318
4953 2 0.553043
4954 2 -0.06035
4959 2 0.616843
4963 2 1.288156
4968 2 -0.172929
4972 2 1.023469
4974 2 1.067238
4978 2 1.136042
4981 2 -0.599346
4982 2 2.264419
4983 2 -0.077944
4984 2 2.66644
4985 2 0.628661
4987 2 -0.376825
4989 2 1.535563
4990 2 1.414873
4992 2 0.932894
