Progeny Sire    Dam     Sex  G   NMPrg NFPrg F        Homo     Phen      Res       Polygene  QTL       Final_EBV
1       0       0       M   0    4     6     0.000000 0.701467       --- +0.000000 -0.000000 -0.156290 -0.193466
2       0       0       M   0    14    16    0.000000 0.702578       --- +0.000000 -0.000000 +0.064768 +0.088256
3       0       0       M   0    35    55    0.000000 0.693267       --- +0.000000 -0.000000 +0.536146 +0.464279
4       0       0       M   0    5     5     0.000000 0.709956       --- +0.000000 -0.000000 -0.151051 -0.139340
5       0       0       M   0    12    8     0.000000 0.694089       --- +0.000000 -0.000000 +0.143905 +0.060764
6       0       0       M   0    7     13    0.000000 0.694333       --- +0.000000 -0.000000 -0.017663 -0.131927
7       0       0       M   0    13    7     0.000000 0.703956       --- +0.000000 -0.000000 -0.281812 -0.087121
8       0       0       M   0    3     7     0.000000 0.689289       --- +0.000000 +0.000000 -0.122037 -0.012327
9       0       0       M   0    5     5     0.000000 0.698911       --- +0.000000 -0.000000 +0.385522 -0.015101
10      0       0       M   0    19    41    0.000000 0.697356       --- +0.000000 -0.000000 +0.051502 +0.156712
